2.87508
2.61415
2.45824
2.58204
2.41139
2.35222
2.17319
1.8559
1.6044
1.87244
1.77499
1.83628
1.72838
2.01754
1.83597
1.85615
1.75573
1.92283
1.6981
1.62244
1.39468
1.40751
1.16871
1.00861
0.926208
1.02634
0.9445
0.822318
0.80659
0.832108
0.734874
0.680468
0.703122
0.679211
0.656429
0.620294
0.603997
0.564339
0.530057
0.498864
0.468799
0.443753
0.431762
0.432166
0.441779
0.461216
0.485781
0.505112
0.51238
0.505037
0.483947
0.450259
0.406
0.354898
0.307944
0.285861
0.283845
0.293475
0.315679
0.345847
0.374938
0.400437
0.420237
0.432344
0.435599
0.427653
0.409277
0.380013
0.340286
0.291625
0.235993
0.179367
0.144488
0.142702
0.163385
0.200857
0.242506
0.283181
0.31852
0.344299
0.36129
0.367398
0.362076
0.345149
0.317462
0.280125
0.234899
0.183284
0.128072
0.0744979
0.0453004
0.0677795
0.113614
0.158707
0.198385
0.230863
0.255194
0.270613
0.277083
0.276693
0.265931
0.247256
0.222466
0.192772
0.160624
0.126102
0.0920115
0.0640338
0.0554783
0.0733392
0.100433
0.128846
0.152894
0.172344
0.186472
0.19422
0.196288
0.19391
0.187336
0.175703
0.16147
0.144121
0.126897
0.110174
0.0963226
0.0864763
0.0816679
0.0856043
0.0934489
0.101804
0.109991
0.116844
0.121595
0.12435
0.125437
0.124686
0.123498
0.120533
0.116725
0.111456
0.106002
0.100324
0.0949474
0.0889687
0.0827095
0.0789229
0.0775242
0.0762118
0.0749117
0.0735227
0.0727236
0.0731207
0.0750437
0.078133
0.0817027
0.084757
0.0873634
0.0887584
0.0886633
0.0871293
0.0843111
0.0798117
0.0739916
0.0670479
0.0598942
0.0545797
0.0497291
0.0453644
0.0425322
0.0428054
0.0461927
0.0513833
0.056846
0.0619498
0.0661732
0.0692626
0.0707258
0.0706091
0.0690399
0.0660753
0.0617666
0.0562666
0.049589
0.0424197
0.035513
0.0302189
0.0276287
0.0286941
0.0326386
0.0374677
0.0421313
0.0461256
0.0492957
0.0517242
0.0533851
0.0538482
0.0531345
0.0513712
0.0486979
0.0450639
0.0407813
0.03622
0.0317817
0.0277042
0.0251761
0.0252864
0.0273408
0.0303978
0.033545
0.036044
0.0377051
0.0386859
0.0389684
0.0391114
0.0388086
0.037947
0.0366332
0.0347719
0.0326994
0.0306173
0.0285914
0.0265965
0.0253943
0.024733
0.0246948
0.0252897
0.0264425
0.0277014
0.0287569
0.0293335
0.0293865
0.0290552
0.028628
0.0283097
0.0279963
0.0272988
0.026517
0.0258606
0.0251269
0.0240803
0.0230286
0.0220059
0.0211275
0.0203527
0.0198588
0.0201369
0.0207425
0.0213386
0.0217453
0.0218771
0.0218708
0.0218256
0.0218134
0.0218673
0.0217317
0.0213938
0.0208936
0.0202783
0.019627
0.0186675
0.0174524
0.0162197
0.0150786
0.0143378
0.0145577
0.0152526
0.0158898
0.0164852
0.0169167
0.0171461
0.0172016
0.0172348
0.0171939
0.0171301
0.0168743
0.0163698
0.0157697
0.0149011
0.013919
0.0128809
0.0118809
0.0111825
0.0110283
0.0114329
0.0121619
0.0129202
0.0135472
0.013948
0.0141115
0.0140557
0.0137283
0.0133114
0.0129901
0.0125865
0.011999
0.0112996
0.0105989
0.00985921
0.00920639
0.00871339
0.00865048
0.00900752
0.00962367
0.0103108
0.0109301
0.0114264
0.0117222
0.011784
0.0116163
0.0112263
0.0106549
0.0100084
0.00935033
0.00869479
0.00800456
0.0073791
0.00687298
0.00654125
0.00633701
0.00648844
0.00705709
0.00773758
0.00834088
0.00883807
0.00921135
0.00945848
0.00952726
0.00941999
0.00914864
0.00873224
0.00819183
0.00756955
0.00689834
0.0062331
0.0056445
0.00520757
0.00495775
0.00482496
0.00492542
0.00534215
0.00586201
0.00634255
0.00675326
0.00710001
0.00732752
0.00744328
0.00741748
0.00724997
0.0069612
0.0065756
0.00612163
0.00561956
0.00510955
0.00463353
0.00424472
0.00399448
0.00391101
0.00398958
0.00418881
0.00449523
0.00485261
0.00520902
0.00551211
0.0057422
0.00586755
0.0058871
0.00578891
0.00558471
0.00525201
0.00482089
0.00431855
0.00381791
0.00337078
0.00301203
0.00279568
0.00273538
0.00284561
0.00307048
0.00337884
0.00373512
0.00409938
0.00442426
0.00467204
0.00482089
0.00486776
0.00480863
0.00464024
0.00436481
0.00399796
0.0035442
0.00302243
0.00246029
0.00195372
0.00163089
0.00151118
0.00158504
0.00186362
0.00223746
0.00265982
0.00305471
0.0033989
0.00367729
0.0038676
0.00396182
0.00395505
0.00386002
0.00367699
0.00341415
0.0030841
0.00270423
0.00228557
0.00185944
0.00146102
0.00116192
0.00105341
0.00116424
0.0014332
0.00180493
0.00216937
0.00249359
0.00275089
0.00293476
0.00303409
0.00306253
0.00302246
0.00291848
0.00275034
0.00253741
0.00228847
0.00201479
0.00174221
0.00148736
0.00128901
0.00117676
0.00119778
0.00132425
0.00150294
0.00172107
0.00192961
0.0021151
0.00225099
0.00233554
0.00236564
0.00234102
0.0022583
0.00212787
0.00195558
0.00174832
0.00152466
0.00130856
0.00111807
0.000988714
0.000944872
0.00099831
0.00112362
0.00128017
0.00144501
0.00160183
0.00173499
0.00184038
0.00191048
0.00193942
0.00192413
0.00186513
0.0502487
0.169432
0.313159
0.414821
0.557399
0.834282
0.812775
0.989097
1.10676
1.04839
1.07934
1.22317
1.25616
1.27603
1.19039
1.11432
1.1117
1.18591
1.15043
1.04749
1.08107
1.19083
1.15992
1.03089
1.05162
1.1228
1.08309
0.920436
0.898333
0.881171
0.759103
0.553208
0.576628
0.399621
0.232899
0.206845
0.197991
0.245944
0.29486
0.340206
0.380407
0.410959
0.428581
0.431386
0.419312
0.394056
0.358458
0.314494
0.264496
0.211578
0.161251
0.127558
0.129342
0.163451
0.201329
0.233833
0.25892
0.27667
0.288766
0.295027
0.294654
0.287443
0.274488
0.256722
0.234665
0.210242
0.187724
0.170376
0.159689
0.161725
0.175296
0.193569
0.209146
0.21805
0.220383
0.216704
0.20968
0.20333
0.196747
0.187881
0.178218
0.169592
0.162095
0.156905
0.155276
0.158915
0.164788
0.171239
0.177507
0.181128
0.181507
0.17623
0.166585
0.153374
0.138789
0.127502
0.121016
0.116673
0.114233
0.114882
0.119847
0.127604
0.135109
0.142364
0.147984
0.150803
0.150238
0.146305
0.139214
0.128934
0.115669
0.100319
0.0844146
0.0738804
0.0718443
0.0734915
0.078642
0.0864006
0.0950618
0.104305
0.112769
0.118982
0.12193
0.121661
0.118096
0.111155
0.101344
0.0895337
0.0763078
0.06254
0.0498065
0.0427859
0.0462089
0.0539359
0.0624175
0.0703246
0.0772762
0.0831361
0.0875029
0.0900033
0.090174
0.0878133
0.0833656
0.0773129
0.0696823
0.0617124
0.0532605
0.0457812
0.0407972
0.0395023
0.0432407
0.0492988
0.0551426
0.0598991
0.0634458
0.0656206
0.0662872
0.0655388
0.0637341
0.0613584
0.0587519
0.0549188
0.0506386
0.046749
0.0431427
0.0404698
0.038894
0.0383654
0.0392649
0.0419038
0.0446654
0.0466593
0.0478076
0.0479328
0.0472936
0.046025
0.0443578
0.0425028
0.041
